
Start
Hosts and Switches IP addresses
Rack: 0 Host: 0 Id:0 IP: 10.1.1.1
Rack: 0 Host: 1 Id:1 IP: 10.1.2.1
Rack: 0 Host: 2 Id:2 IP: 10.1.3.1
Rack: 0 Host: 3 Id:3 IP: 10.1.4.1
Rack: 0 Host: 4 Id:4 IP: 10.1.5.1
Rack: 0 Host: 5 Id:5 IP: 10.1.6.1
Rack: 1 Host: 0 Id:6 IP: 10.2.1.1
Rack: 1 Host: 1 Id:7 IP: 10.2.2.1
Rack: 1 Host: 2 Id:8 IP: 10.2.3.1
Rack: 1 Host: 3 Id:9 IP: 10.2.4.1
Rack: 1 Host: 4 Id:10 IP: 10.2.5.1
Rack: 1 Host: 5 Id:11 IP: 10.2.6.1
Rack: 2 Host: 0 Id:12 IP: 10.3.1.1
Rack: 2 Host: 1 Id:13 IP: 10.3.2.1
Rack: 2 Host: 2 Id:14 IP: 10.3.3.1
Rack: 2 Host: 3 Id:15 IP: 10.3.4.1
Rack: 2 Host: 4 Id:16 IP: 10.3.5.1
Rack: 2 Host: 5 Id:17 IP: 10.3.6.1
Rack: 3 Host: 0 Id:18 IP: 10.4.1.1
Rack: 3 Host: 1 Id:19 IP: 10.4.2.1
Rack: 3 Host: 2 Id:20 IP: 10.4.3.1
Rack: 3 Host: 3 Id:21 IP: 10.4.4.1
Rack: 3 Host: 4 Id:22 IP: 10.4.5.1
Rack: 3 Host: 5 Id:23 IP: 10.4.6.1
Total preparing time = 1685477 microsecond
Config Parameters
hostToTorLinkRate: 300Mbps
hostToTorLinkRateCrossTraffic: 50Mbps
hostToTorLinkDelay: 50us
torToAggLinkRate: 916.6Mbps
torToAggLinkDelay: 50us
aggToCoreLinkRate: 945Mbps
aggToCoreLinkDelay: 50us
appDataRate: 10Mbps
duration: 0.9
pctPacedBack: 0.8
enableSwitchECN: 1
enableECMP: 1
sampleRate: 4500
errorRate: 0.03
dirName: reverse
experiment: 19
trafficStartTime: 16.2
trafficStopTime: 17.1
steadyStartTime: 0.3
steadyEndTime: 0.8
packet_size,cdf
52,0.031179
53,0.0328594
54,0.0480879
55,0.0496501
56,0.0825621
57,0.0834416
58,0.128143
59,0.129193
60,0.130492
61,0.132475
62,0.136702
63,0.140115
64,0.143489
65,0.144172
66,0.157339
67,0.158311
68,0.159453
69,0.160188
70,0.161225
71,0.162026
72,0.162656
73,0.164258
74,0.167605
75,0.168708
76,0.171557
77,0.173828
78,0.175062
79,0.176139
80,0.182598
81,0.18286
82,0.185
83,0.186024
84,0.18672
85,0.18861
86,0.189463
87,0.206136
88,0.206753
89,0.207304
90,0.209366
91,0.210101
92,0.210626
93,0.211807
94,0.212109
95,0.213461
96,0.214262
97,0.21459
98,0.215011
99,0.216717
100,0.219041
101,0.219395
102,0.219829
103,0.224056
104,0.22466
105,0.225565
106,0.227377
107,0.227613
108,0.227784
109,0.229202
110,0.229399
111,0.229766
112,0.22999
113,0.230449
114,0.232576
115,0.23314
116,0.23318
117,0.233442
118,0.233718
119,0.241253
120,0.241582
121,0.241752
122,0.242067
123,0.242277
124,0.242343
125,0.242501
126,0.242921
127,0.243039
128,0.243157
129,0.243262
130,0.245993
131,0.246268
132,0.246373
133,0.246465
134,0.24661
135,0.247542
136,0.247752
137,0.247791
138,0.248054
139,0.248146
140,0.248684
141,0.249485
142,0.249577
143,0.249747
144,0.25001
145,0.250075
146,0.251099
147,0.251283
148,0.251349
149,0.251506
150,0.25169
151,0.252255
152,0.252412
153,0.25257
154,0.253042
155,0.253069
156,0.253397
157,0.25362
158,0.254145
159,0.254263
160,0.257493
161,0.257624
162,0.261668
163,0.261878
164,0.2626
165,0.262915
166,0.263689
167,0.264936
168,0.265383
169,0.265475
170,0.265803
171,0.266092
172,0.266459
173,0.26663
174,0.267221
175,0.267523
176,0.267641
177,0.267916
178,0.268481
179,0.268638
180,0.268875
181,0.269085
182,0.269177
183,0.270332
184,0.270503
185,0.270713
186,0.271422
187,0.271855
188,0.27217
189,0.272327
190,0.272643
191,0.272918
192,0.273155
193,0.273561
194,0.274494
195,0.274651
196,0.274979
197,0.275255
198,0.276135
199,0.277329
200,0.277513
201,0.27771
202,0.277999
203,0.278209
204,0.278524
205,0.279207
206,0.279456
207,0.279587
208,0.279692
209,0.279876
210,0.281228
211,0.281412
212,0.281727
213,0.28178
214,0.281885
215,0.282502
216,0.283355
217,0.283631
218,0.283736
219,0.283788
220,0.283893
221,0.284051
222,0.28413
223,0.284221
224,0.28434
225,0.284392
226,0.285666
227,0.285797
228,0.285928
229,0.285994
230,0.286112
231,0.286571
232,0.28686
233,0.287096
234,0.287438
235,0.287608
236,0.287622
237,0.287635
238,0.287832
239,0.28791
240,0.288029
241,0.288291
242,0.288632
243,0.288843
244,0.288974
245,0.289223
246,0.289249
247,0.289525
248,0.289919
249,0.290129
250,0.290497
251,0.290523
252,0.29068
253,0.290799
254,0.291022
255,0.291087
256,0.291416
257,0.291429
258,0.291599
259,0.291928
260,0.292006
261,0.29223
262,0.293175
263,0.297481
264,0.297546
265,0.297927
266,0.298177
267,0.298295
268,0.298505
269,0.298623
270,0.298728
271,0.298794
272,0.299279
273,0.299384
274,0.299857
275,0.299949
276,0.30008
277,0.300356
278,0.300382
279,0.300592
280,0.300723
281,0.300802
282,0.30092
283,0.301143
284,0.30155
285,0.301655
286,0.30176
287,0.301879
288,0.302023
289,0.302115
290,0.302312
291,0.302469
292,0.303375
293,0.303441
294,0.303598
295,0.304937
296,0.305095
297,0.3052
298,0.305292
299,0.305344
300,0.305449
301,0.305607
302,0.306119
303,0.306198
304,0.306316
305,0.306487
306,0.307143
307,0.307327
308,0.307497
309,0.307812
310,0.308075
311,0.308246
312,0.308364
313,0.309519
314,0.310661
315,0.310819
316,0.311003
317,0.311068
318,0.311501
319,0.311554
320,0.31158
321,0.311606
322,0.311895
323,0.312013
324,0.312053
325,0.312092
326,0.312302
327,0.312355
328,0.312447
329,0.312499
330,0.312657
331,0.312749
332,0.312801
333,0.312867
334,0.313261
335,0.313339
336,0.313366
337,0.313431
338,0.313694
339,0.313799
340,0.313838
341,0.313864
342,0.313891
343,0.314088
344,0.314166
345,0.314193
346,0.314311
347,0.314376
348,0.314403
349,0.314429
350,0.314626
351,0.31477
352,0.314823
353,0.314888
354,0.315243
355,0.315335
356,0.315387
357,0.315505
359,0.315637
360,0.315663
361,0.315702
362,0.315912
363,0.315926
364,0.316031
365,0.316123
366,0.316136
367,0.316175
368,0.316306
369,0.316398
370,0.316621
371,0.317028
372,0.317081
373,0.317173
374,0.317265
375,0.317435
376,0.318328
377,0.318407
378,0.318617
379,0.318643
380,0.318696
381,0.318761
382,0.318958
383,0.319142
384,0.319221
385,0.319326
386,0.319759
387,0.319982
388,0.320022
389,0.320087
390,0.320179
391,0.320481
392,0.320639
393,0.320678
394,0.320796
395,0.320875
396,0.320888
397,0.321177
398,0.321347
399,0.321361
400,0.321413
401,0.321492
402,0.321623
403,0.321873
404,0.321991
405,0.322004
406,0.322017
407,0.322043
408,0.322148
409,0.322201
410,0.322595
411,0.323199
412,0.323724
413,0.323789
414,0.323894
416,0.323947
417,0.324026
418,0.324131
419,0.324157
420,0.324222
421,0.324419
422,0.324511
424,0.324564
425,0.324669
426,0.324721
427,0.324761
428,0.325181
429,0.32526
430,0.325299
431,0.325338
432,0.325391
433,0.325417
434,0.325588
435,0.325732
436,0.32589
437,0.325942
438,0.325982
439,0.3261
441,0.326152
442,0.326205
443,0.326284
444,0.32631
445,0.326402
446,0.326481
447,0.326612
448,0.326756
449,0.326887
450,0.327032
451,0.327242
452,0.32736
453,0.327518
454,0.32757
455,0.327649
456,0.327767
457,0.327793
458,0.327938
459,0.328056
460,0.328213
461,0.328292
462,0.328397
463,0.328489
464,0.328673
465,0.328817
466,0.328935
467,0.329067
468,0.329159
469,0.329251
470,0.329421
471,0.329487
472,0.329566
473,0.329657
474,0.329776
475,0.329854
476,0.32992
477,0.329973
478,0.330117
479,0.330209
480,0.330261
481,0.330563
482,0.330681
483,0.330747
484,0.330839
485,0.331049
486,0.331088
487,0.33122
488,0.331259
489,0.331338
490,0.331456
491,0.331522
492,0.331587
494,0.331692
495,0.33185
496,0.331981
497,0.331994
498,0.332112
499,0.332178
500,0.332296
501,0.332309
502,0.332336
503,0.332401
504,0.332428
505,0.332454
506,0.332546
508,0.332572
509,0.332585
510,0.333346
511,0.333386
512,0.333425
513,0.333465
514,0.33353
515,0.333701
516,0.333714
518,0.33378
519,0.333924
520,0.333963
521,0.334187
522,0.334318
523,0.33441
524,0.334646
525,0.33483
526,0.334882
527,0.334974
528,0.335001
529,0.335066
530,0.335198
531,0.335211
532,0.335263
533,0.335316
534,0.335368
535,0.335434
536,0.335513
537,0.335552
538,0.335749
539,0.335815
540,0.335933
541,0.335972
542,0.336038
543,0.336064
544,0.33613
545,0.336182
546,0.336445
547,0.33655
548,0.336707
549,0.33672
550,0.336786
551,0.336852
552,0.336917
553,0.336957
554,0.33718
555,0.337193
556,0.337259
557,0.337311
558,0.338073
559,0.338151
560,0.338191
561,0.338493
562,0.338637
563,0.338768
564,0.338926
565,0.339031
566,0.33907
567,0.33911
568,0.33991
569,0.339976
570,0.343691
571,0.343823
572,0.343901
573,0.343928
574,0.344006
575,0.344125
576,0.344295
577,0.344374
578,0.344532
579,0.344623
580,0.344689
581,0.344781
582,0.34486
583,0.344965
584,0.34507
585,0.345109
586,0.345135
587,0.345188
588,0.345201
589,0.345293
590,0.345359
591,0.345464
593,0.345516
594,0.345582
595,0.345752
596,0.345805
597,0.345871
598,0.345884
599,0.346015
600,0.346041
601,0.346081
602,0.346199
603,0.346278
604,0.34633
605,0.346383
606,0.346632
607,0.346658
608,0.346737
609,0.34675
610,0.346986
611,0.347078
612,0.347105
613,0.347157
614,0.347183
615,0.347236
616,0.34742
617,0.347498
618,0.347814
619,0.348194
620,0.348247
621,0.348273
622,0.349507
623,0.349546
624,0.349612
626,0.349704
627,0.349848
628,0.349927
629,0.349993
630,0.350058
631,0.350085
632,0.35015
633,0.350203
634,0.35036
635,0.350413
636,0.350505
637,0.350544
638,0.350689
639,0.350741
640,0.350899
641,0.35103
642,0.351161
643,0.351227
644,0.351306
645,0.351384
646,0.351476
647,0.351489
648,0.351542
649,0.351555
651,0.351594
652,0.351686
653,0.351699
654,0.351791
655,0.351975
656,0.352172
657,0.352461
658,0.352789
659,0.352815
660,0.353957
662,0.353971
664,0.353997
665,0.354036
666,0.354076
667,0.354089
668,0.354273
669,0.354351
670,0.35443
671,0.354561
672,0.354811
673,0.35485
674,0.355008
676,0.355231
678,0.355362
679,0.355441
680,0.355493
681,0.355507
682,0.355598
683,0.355651
684,0.355717
685,0.355743
686,0.355835
687,0.355861
689,0.355887
690,0.356005
691,0.356058
692,0.356137
693,0.356176
694,0.356229
695,0.356334
696,0.356531
697,0.356596
698,0.356622
699,0.356714
700,0.356754
701,0.356859
702,0.357056
703,0.357121
704,0.357187
705,0.357305
706,0.357581
707,0.358631
708,0.358697
709,0.358736
710,0.358894
711,0.359025
712,0.359051
713,0.359117
714,0.35913
715,0.359261
716,0.359445
717,0.359576
718,0.359655
719,0.359721
720,0.359983
721,0.360206
722,0.36039
723,0.360456
724,0.360469
725,0.360561
726,0.36064
727,0.360731
728,0.360784
729,0.360823
730,0.360889
731,0.360955
732,0.360968
733,0.36106
734,0.361165
735,0.36127
736,0.361362
737,0.361388
738,0.361467
739,0.361559
740,0.361716
742,0.361861
743,0.361939
744,0.361979
745,0.362071
746,0.362162
747,0.36232
748,0.362386
749,0.362464
750,0.362583
751,0.362635
752,0.362793
753,0.362819
754,0.362845
755,0.362884
756,0.36295
757,0.36299
758,0.363134
759,0.363213
760,0.363265
762,0.363278
763,0.363318
764,0.363462
765,0.363475
766,0.364315
767,0.364355
768,0.364407
769,0.364473
770,0.364578
771,0.364644
772,0.36467
773,0.364709
774,0.364841
775,0.364959
776,0.364998
777,0.365011
778,0.365208
779,0.365353
780,0.365497
781,0.365615
782,0.365707
783,0.365851
784,0.36597
785,0.366048
786,0.366206
787,0.36635
788,0.366429
789,0.366455
790,0.366482
791,0.366534
792,0.366613
793,0.366652
794,0.366678
795,0.366692
796,0.366823
797,0.366862
798,0.366915
799,0.366941
800,0.36702
801,0.367072
802,0.368214
803,0.368267
804,0.368635
805,0.368661
806,0.36874
807,0.368884
808,0.369002
809,0.369015
810,0.369186
811,0.369291
812,0.369396
813,0.369527
814,0.369685
815,0.369764
816,0.369816
817,0.369855
818,0.36996
819,0.370052
820,0.370171
821,0.370276
822,0.370367
823,0.370538
824,0.37063
825,0.370722
826,0.370971
827,0.371011
828,0.371076
829,0.371155
830,0.371562
831,0.37168
832,0.371772
833,0.371838
834,0.372153
835,0.372284
836,0.372402
837,0.372455
838,0.372547
839,0.372573
840,0.372599
841,0.372704
842,0.372757
843,0.372783
844,0.372914
845,0.372927
846,0.373085
847,0.373151
848,0.37319
849,0.373216
850,0.373886
851,0.373925
852,0.373951
853,0.374004
855,0.374017
856,0.37403
857,0.37407
858,0.374161
859,0.374319
860,0.374805
861,0.374831
862,0.374975
863,0.375054
864,0.37508
865,0.375159
866,0.375369
867,0.375422
868,0.375514
870,0.37554
871,0.375724
873,0.375776
874,0.375881
876,0.375947
877,0.376236
878,0.376275
879,0.376288
880,0.376314
881,0.376406
882,0.376551
883,0.376616
884,0.376721
886,0.376774
887,0.376787
888,0.376879
889,0.376918
890,0.377155
891,0.37722
892,0.377273
893,0.377325
894,0.377352
895,0.37743
896,0.377509
897,0.377562
898,0.377627
899,0.377706
901,0.377759
902,0.377837
903,0.378008
904,0.378074
905,0.378139
906,0.378205
907,0.378218
908,0.378297
909,0.378349
910,0.378376
911,0.378402
912,0.378441
913,0.378507
914,0.378586
915,0.37873
916,0.378743
917,0.378796
918,0.378848
919,0.378927
920,0.378979
921,0.379058
922,0.379098
923,0.379229
924,0.379308
925,0.379386
926,0.379452
927,0.379518
928,0.37957
930,0.379675
931,0.379846
932,0.379938
933,0.380003
934,0.380056
935,0.380082
936,0.380095
937,0.38024
938,0.380253
940,0.380318
941,0.380384
944,0.380529
945,0.380568
946,0.381041
947,0.381054
948,0.381119
949,0.381277
950,0.381999
951,0.382012
953,0.382143
954,0.382209
955,0.382275
956,0.382353
958,0.382406
959,0.382445
960,0.382471
961,0.382524
962,0.382655
963,0.382773
964,0.382839
965,0.382905
966,0.382997
967,0.383075
968,0.383233
969,0.383312
970,0.383404
971,0.383469
972,0.383666
973,0.383784
974,0.383889
975,0.383955
976,0.384152
977,0.384204
978,0.384414
979,0.384624
980,0.384769
981,0.384835
982,0.3849
983,0.384966
984,0.385097
985,0.385215
986,0.385333
987,0.385491
988,0.385675
989,0.385701
990,0.385793
991,0.385845
992,0.385977
993,0.386029
994,0.38616
995,0.386449
996,0.386646
997,0.386856
998,0.387053
999,0.387184
1000,0.387381
1001,0.38767
1002,0.387906
1003,0.38809
1004,0.388222
1005,0.388497
1006,0.38872
1007,0.38893
1008,0.389154
1009,0.389259
1010,0.389442
1011,0.389653
1012,0.389902
1013,0.390059
1014,0.390335
1015,0.390427
1016,0.390663
1017,0.39086
1018,0.391057
1019,0.391267
1020,0.391412
1021,0.391635
1022,0.391871
1023,0.392134
1024,0.392409
1025,0.392646
1026,0.393053
1027,0.393407
1028,0.393578
1029,0.393762
1030,0.394077
1031,0.394234
1032,0.394589
1033,0.394851
1034,0.395061
1035,0.395324
1036,0.395481
1037,0.395678
1038,0.39577
1039,0.395928
1040,0.396138
1041,0.396335
1042,0.396571
1043,0.396768
1044,0.397319
1045,0.397424
1046,0.397464
1047,0.397595
1048,0.397792
1049,0.397923
1050,0.39812
1051,0.398278
1052,0.398409
1053,0.398619
1054,0.398776
1055,0.398855
1056,0.398973
1057,0.399223
1058,0.402058
1059,0.402177
1060,0.402282
1061,0.402308
1062,0.402465
1063,0.402544
1064,0.402715
1065,0.402781
1066,0.402925
1067,0.403069
1068,0.403135
1069,0.403345
1070,0.404553
1071,0.404658
1072,0.404842
1073,0.405052
1074,0.405091
1075,0.405301
1076,0.405432
1077,0.405682
1078,0.405774
1079,0.405997
1080,0.406128
1081,0.406246
1082,0.406338
1083,0.406509
1084,0.406706
1085,0.406732
1086,0.406785
1087,0.406811
1088,0.407218
1089,0.407297
1090,0.407428
1091,0.407533
1092,0.407572
1093,0.407625
1094,0.407953
1095,0.40811
1096,0.408176
1097,0.408242
1098,0.408426
1099,0.408517
1100,0.408662
1101,0.408806
1102,0.408898
1104,0.40899
1105,0.409043
1106,0.409371
1107,0.409528
1108,0.409633
1109,0.409791
1110,0.40987
1111,0.409922
1112,0.409962
1113,0.410014
1114,0.410093
1115,0.410145
1116,0.410172
1117,0.410237
1118,0.410303
1119,0.410329
1120,0.410342
1121,0.410355
1122,0.410487
1123,0.410605
1124,0.410657
1125,0.410684
1126,0.410762
1127,0.410802
1128,0.410841
1129,0.410867
1130,0.410946
1132,0.410986
1133,0.411025
1134,0.411235
1136,0.41134
1137,0.411353
1138,0.411458
1139,0.411537
1140,0.411603
1141,0.411655
1142,0.411734
1143,0.411773
1144,0.411813
1145,0.411865
1146,0.411904
1147,0.411931
1148,0.411944
1150,0.412128
1151,0.412154
1152,0.41222
1153,0.412272
1154,0.412456
1155,0.412495
1156,0.41264
1157,0.412679
1158,0.412732
1159,0.412797
1160,0.412863
1161,0.412876
1162,0.412942
1163,0.413033
1164,0.413099
1165,0.41323
1166,0.413322
1167,0.413335
1168,0.413782
1169,0.413808
1170,0.413834
1171,0.413847
1172,0.413926
1173,0.414044
1174,0.415226
1175,0.415344
1176,0.41541
1177,0.415423
1178,0.415488
1179,0.415633
1180,0.415698
1181,0.415751
1182,0.416788
1183,0.416827
1184,0.416906
1185,0.416959
1186,0.417129
1188,0.417248
1189,0.417274
1190,0.417405
1191,0.417418
1192,0.417458
1193,0.417471
1194,0.418022
1195,0.418048
1196,0.418075
1198,0.418206
1199,0.418232
1200,0.418258
1202,0.418455
1203,0.418508
1204,0.41856
1205,0.418613
1206,0.418665
1207,0.418731
1208,0.41881
1209,0.418862
1210,0.418902
1211,0.418967
1212,0.41898
1213,0.419046
1214,0.419059
1215,0.419309
1216,0.419716
1217,0.419755
1218,0.419808
1220,0.420674
1221,0.4207
1222,0.42074
1223,0.420779
1225,0.420832
1226,0.420963
1227,0.42137
1228,0.421409
1229,0.421462
1230,0.421475
1231,0.421501
1232,0.421554
1233,0.421659
1234,0.422919
1235,0.423024
1236,0.423129
1237,0.423155
1238,0.423247
1239,0.423273
1240,0.423326
1241,0.423352
1242,0.423418
1243,0.423444
1244,0.423759
1245,0.423798
1246,0.424087
1247,0.4241
1248,0.424153
1249,0.424166
1250,0.424232
1251,0.42452
1252,0.424586
1253,0.424599
1254,0.424678
1255,0.424744
1256,0.42477
1258,0.424809
1259,0.424836
1260,0.424888
1261,0.424967
1263,0.425032
1264,0.425124
1265,0.425269
1266,0.425282
1267,0.425308
1268,0.425334
1269,0.425348
1270,0.425439
1271,0.425518
1273,0.425558
1274,0.425873
1275,0.425951
1276,0.42607
1277,0.426148
1278,0.426175
1279,0.426267
1280,0.426306
1281,0.426319
1282,0.426358
1283,0.426372
1284,0.426385
1285,0.426477
1286,0.426634
1287,0.426779
1288,0.426923
1289,0.426975
1290,0.427054
1291,0.42708
1292,0.427185
1294,0.429759
1295,0.429837
1296,0.42985
1297,0.429903
1298,0.429942
1299,0.429969
1300,0.430034
1301,0.4301
1302,0.430218
1303,0.430244
1304,0.43031
1305,0.430323
1306,0.430428
1307,0.430481
1308,0.430533
1310,0.430612
1311,0.430651
1312,0.43073
1313,0.430769
1314,0.430796
1315,0.430822
1316,0.430835
1317,0.43094
1318,0.430953
1319,0.430993
1320,0.431006
1321,0.431019
1322,0.431071
1323,0.431085
1324,0.431137
1325,0.431229
1326,0.431255
1327,0.431295
1328,0.431426
1329,0.431518
1330,0.431557
1331,0.43157
1332,0.431649
1334,0.433067
1335,0.433119
1336,0.433211
1337,0.433264
1339,0.43329
1340,0.433316
1341,0.433369
1343,0.433408
1344,0.433631
1345,0.433644
1346,0.433736
1347,0.433802
1348,0.433841
1349,0.433881
1350,0.433999
1351,0.434025
1352,0.434065
1353,0.434104
1354,0.434393
1355,0.434419
1356,0.434472
1357,0.434498
1358,0.434708
1359,0.4348
1360,0.434826
1361,0.434839
1362,0.434931
1363,0.43497
1364,0.435075
1365,0.435246
1366,0.43539
1367,0.435561
1368,0.435824
1369,0.435968
1370,0.436204
1371,0.436506
1372,0.436756
1373,0.436913
1374,0.437031
1375,0.437215
1376,0.437438
1377,0.437504
1378,0.437517
1379,0.437596
1380,0.437675
1381,0.437701
1382,0.437767
1383,0.437872
1384,0.437911
1385,0.437964
1386,0.438016
1387,0.438082
1389,0.438095
1390,0.438147
1391,0.438187
1392,0.438357
1393,0.438371
1394,0.440274
1395,0.440313
1396,0.44076
1397,0.440799
1398,0.440904
1399,0.440917
1400,0.44097
1402,0.441022
1404,0.441088
1405,0.441101
1406,0.441193
1407,0.441219
1408,0.441337
1409,0.441364
1410,0.441403
1411,0.441456
1412,0.441508
1413,0.441548
1414,0.449923
1416,0.450028
1417,0.450133
1418,0.450225
1420,0.450238
1421,0.450278
1422,0.450475
1423,0.450488
1425,0.450527
1426,0.450987
1427,0.451026
1428,0.451118
1430,0.451197
1431,0.451249
1432,0.45163
1433,0.451669
1434,0.45314
1435,0.453153
1436,0.453231
1437,0.453245
1438,0.453323
1439,0.453336
1440,0.453547
1441,0.453586
1442,0.453757
1443,0.453835
1444,0.453901
1445,0.45398
1446,0.456303
1447,0.456408
1448,0.471374
1450,0.471808
1451,0.471821
1452,0.472044
1453,0.472083
1454,0.472674
1455,0.4727
1456,0.472727
1457,0.472753
1458,0.472976
1459,0.473029
1460,0.473081
1461,0.473147
1463,0.473239
1464,0.473974
1465,0.474
1466,0.474354
1467,0.474381
1468,0.474473
1469,0.474499
1470,0.47505
1471,0.47509
1472,0.475418
1474,0.48017
1476,0.481102
1477,0.481142
1478,0.481194
1480,0.48122
1482,0.482756
1483,0.482809
1484,0.483137
1485,0.483229
1486,0.489622
1487,0.489662
1488,0.492471
1489,0.49255
1490,0.493784
1491,0.493823
1492,0.493836
1494,0.570688
1495,0.57074
1496,0.570793
1497,0.570819
1499,0.570885
1500,1
Done 
Total execution time = 399197765 microsecond
