
Start Single Queue Simulation
Queue Size: 100p
Hosts and Switches IP addresses
Src: 0 Id:0 IP: 10.1.1.1
Src CT: 1 Id:1 IP: 10.2.1.1
Dst: 0 Id:2 IP: 10.3.1.1
Total preparing time = 1058739 microsecond
Config Parameters
srcHostToSwitchLinkRate: 300Mbps
ctHostToSwitchLinkRate: 300Mbps
hostToSwitchLinkDelay: 50us
bottleneckLinkRate: 630.0Mbps
pctPacedBack: 0.8
enableSwitchECN: 1
enableECMP: 1
sampleRate: 4500
errorRate: 1.5e-05
dirName: forward
experiment: 80
trafficStartTime: 71.10000000000001
trafficStopTime: 72.0
steadyStartTime: 0.3
steadyEndTime: 0.8
packet_size,cdf
52,0.0329147
53,0.0344312
54,0.0479089
55,0.0493186
56,0.0839207
57,0.0848178
58,0.121898
59,0.12288
60,0.124183
61,0.125849
62,0.129224
63,0.133859
64,0.136059
65,0.136764
66,0.150818
67,0.151587
68,0.153039
69,0.15368
70,0.154513
71,0.155133
72,0.155688
73,0.157076
74,0.159276
75,0.160302
76,0.162651
77,0.16436
78,0.165834
79,0.166709
80,0.174142
81,0.174463
82,0.176321
83,0.177624
84,0.178542
85,0.180807
86,0.181789
87,0.200735
88,0.201226
89,0.201739
90,0.203618
91,0.204302
92,0.204772
93,0.20584
94,0.206502
95,0.209983
96,0.210432
97,0.210838
98,0.21135
99,0.213123
100,0.214811
101,0.215195
102,0.215708
103,0.220343
104,0.221304
105,0.222713
106,0.224016
107,0.224209
108,0.224315
109,0.225127
110,0.225298
111,0.225682
112,0.225875
113,0.226195
114,0.226601
115,0.227028
116,0.227135
117,0.227306
118,0.227669
119,0.23429
120,0.234739
121,0.234846
122,0.235145
123,0.235401
124,0.235465
125,0.235593
126,0.235978
127,0.236084
128,0.236148
129,0.236255
130,0.237686
131,0.237921
132,0.238135
133,0.23822
134,0.238327
135,0.239352
136,0.239587
137,0.239673
138,0.240057
139,0.240164
140,0.240549
141,0.240912
142,0.241018
143,0.241189
144,0.241403
145,0.241488
146,0.241851
147,0.242065
148,0.242129
149,0.242279
150,0.242449
151,0.243112
152,0.243218
153,0.243368
154,0.243816
155,0.243859
156,0.244073
157,0.24435
158,0.244906
159,0.245013
160,0.246636
161,0.246764
162,0.251164
163,0.251378
164,0.25236
165,0.252702
166,0.253471
167,0.254389
168,0.254774
169,0.254859
170,0.255116
171,0.255372
172,0.255756
173,0.255927
174,0.256354
175,0.256611
176,0.256782
177,0.256974
178,0.257294
179,0.257465
180,0.257914
181,0.257999
182,0.258127
183,0.259238
184,0.259409
185,0.259686
186,0.260156
187,0.260391
188,0.26069
189,0.260797
190,0.261053
191,0.261267
192,0.261438
193,0.261609
194,0.262784
195,0.262933
196,0.263189
197,0.263382
198,0.264108
199,0.265325
200,0.265518
201,0.265624
202,0.265817
203,0.265923
204,0.266158
205,0.267034
206,0.267269
207,0.267376
208,0.267483
209,0.267653
210,0.268337
211,0.268529
212,0.268721
213,0.268828
214,0.268978
215,0.26964
216,0.270558
217,0.270686
218,0.270879
219,0.270964
220,0.27105
221,0.271199
222,0.271242
223,0.271263
224,0.271327
225,0.27137
226,0.272032
227,0.272118
228,0.272246
229,0.272288
230,0.272374
231,0.2731
232,0.273207
233,0.273335
234,0.273442
235,0.273549
236,0.27357
237,0.273591
238,0.27372
239,0.273848
240,0.273954
241,0.274168
242,0.274275
243,0.274382
244,0.27451
245,0.27483
246,0.274852
247,0.275108
248,0.2753
249,0.27545
250,0.27562
251,0.275663
252,0.27577
253,0.27592
254,0.276176
255,0.276219
256,0.276411
257,0.276432
258,0.27656
259,0.276753
260,0.276795
261,0.276838
262,0.277137
263,0.278953
264,0.278995
265,0.279059
266,0.279337
267,0.279508
268,0.279679
269,0.279743
270,0.279786
271,0.279871
272,0.28017
273,0.280234
274,0.280448
275,0.280554
276,0.280704
277,0.280811
278,0.280854
279,0.281046
280,0.281174
281,0.281238
282,0.281281
283,0.28143
284,0.281943
285,0.281986
286,0.282028
287,0.282135
288,0.282242
289,0.282349
290,0.282498
291,0.28269
292,0.283438
293,0.283566
294,0.283694
295,0.284784
296,0.284912
297,0.284955
298,0.284997
299,0.285061
300,0.285125
301,0.285318
302,0.285788
303,0.285852
304,0.285916
305,0.286087
306,0.286535
307,0.286727
308,0.286834
309,0.287026
310,0.287283
311,0.287518
312,0.287624
313,0.288457
314,0.289141
315,0.289226
316,0.289504
317,0.289547
318,0.28991
319,0.289953
320,0.289974
321,0.289995
322,0.290123
323,0.290188
324,0.290294
325,0.290401
326,0.290615
327,0.290764
328,0.290914
329,0.290956
330,0.291149
331,0.291256
332,0.291298
333,0.291362
334,0.291661
335,0.291725
337,0.291789
338,0.291939
339,0.292153
340,0.292174
341,0.292217
342,0.292238
343,0.292494
344,0.292601
345,0.292644
346,0.292687
347,0.292815
348,0.292836
350,0.292964
351,0.293071
352,0.293114
353,0.293156
354,0.293327
355,0.293498
356,0.293584
357,0.293776
359,0.293989
360,0.294075
361,0.29416
362,0.294224
363,0.294267
364,0.294374
365,0.294459
366,0.294481
367,0.294523
368,0.29463
369,0.294694
370,0.294844
371,0.295292
372,0.295335
373,0.295421
374,0.295527
375,0.29572
376,0.296339
377,0.296424
378,0.296681
380,0.296723
381,0.29683
382,0.297001
383,0.297065
384,0.297151
385,0.297236
386,0.297471
387,0.297663
388,0.297685
389,0.297727
390,0.297749
391,0.298624
392,0.29871
393,0.298731
394,0.298859
395,0.298923
396,0.298966
397,0.299372
398,0.299543
400,0.299628
401,0.299735
402,0.299778
403,0.30012
404,0.300184
405,0.300205
407,0.300248
408,0.300312
409,0.300397
410,0.30059
411,0.300846
412,0.301102
413,0.301209
414,0.301358
415,0.30138
416,0.301423
417,0.301529
418,0.301572
419,0.301722
420,0.302063
421,0.302213
422,0.302256
423,0.302298
424,0.302362
425,0.302469
426,0.302512
427,0.302576
428,0.302918
429,0.303024
430,0.303089
431,0.30311
432,0.303174
433,0.303238
434,0.303388
435,0.303516
436,0.303644
437,0.303665
438,0.303708
439,0.303815
440,0.303836
441,0.303922
442,0.304007
443,0.304114
444,0.304135
445,0.304221
446,0.304285
447,0.304391
448,0.304498
449,0.304733
450,0.30484
451,0.30516
452,0.30531
453,0.305417
454,0.305459
455,0.305566
456,0.305694
457,0.305716
458,0.305823
459,0.305865
460,0.305993
461,0.306036
462,0.306164
463,0.306271
464,0.306378
465,0.306442
466,0.30657
467,0.306784
468,0.306912
469,0.30704
470,0.30719
471,0.307318
472,0.307382
473,0.307403
474,0.30751
475,0.307617
476,0.307659
477,0.307681
478,0.307852
479,0.307937
480,0.30798
481,0.308258
482,0.308343
483,0.308428
484,0.308514
485,0.308642
486,0.308685
487,0.308813
488,0.308856
489,0.308877
490,0.30892
491,0.308962
492,0.308984
494,0.309048
495,0.309112
496,0.309197
498,0.30924
499,0.309347
500,0.309475
501,0.309496
502,0.309518
503,0.309603
505,0.309646
506,0.309731
507,0.309753
509,0.309774
510,0.310116
511,0.310158
512,0.31018
514,0.310244
515,0.310522
516,0.310564
518,0.310628
519,0.310799
520,0.310842
521,0.311013
522,0.311098
523,0.311162
524,0.311461
525,0.311525
526,0.311547
527,0.31159
528,0.311675
529,0.311825
530,0.311953
532,0.312017
533,0.312059
534,0.312188
535,0.312358
536,0.31238
537,0.312423
538,0.312572
539,0.312593
540,0.312679
541,0.312764
542,0.312807
544,0.312914
545,0.312957
546,0.313341
547,0.313426
548,0.313533
549,0.313555
550,0.31364
551,0.313747
552,0.313918
553,0.31396
554,0.314089
556,0.314195
557,0.314238
558,0.314836
559,0.3149
560,0.314922
561,0.315157
562,0.315263
563,0.315349
564,0.315456
565,0.315541
566,0.315584
567,0.315648
568,0.31599
569,0.316011
570,0.320005
571,0.320112
572,0.320133
573,0.320176
574,0.320261
575,0.320411
576,0.320582
577,0.320667
578,0.320753
579,0.320859
580,0.320902
581,0.320988
582,0.321052
583,0.321137
584,0.321223
585,0.321265
586,0.321287
587,0.321351
588,0.321372
589,0.3215
590,0.321564
591,0.32165
592,0.321693
593,0.321757
594,0.321821
595,0.32197
596,0.32212
597,0.322184
598,0.322205
599,0.322269
600,0.322312
601,0.322333
602,0.32244
603,0.32259
604,0.322654
605,0.322675
606,0.322782
608,0.322846
610,0.323038
611,0.32306
612,0.323102
613,0.323124
614,0.323145
615,0.323166
616,0.323444
617,0.323551
618,0.323615
619,0.323658
620,0.323786
621,0.323828
622,0.325131
623,0.325238
624,0.32526
626,0.325366
627,0.32543
628,0.325559
629,0.325601
630,0.325687
631,0.325772
632,0.325836
633,0.325858
634,0.325986
635,0.326028
636,0.326093
637,0.326135
638,0.326263
639,0.326392
640,0.326498
641,0.326562
642,0.326669
643,0.326712
644,0.326819
645,0.326883
646,0.326968
647,0.327011
648,0.327032
649,0.327075
650,0.327096
651,0.327118
652,0.327182
653,0.327203
654,0.327246
655,0.327438
656,0.327609
657,0.32778
658,0.327951
659,0.328036
660,0.328762
661,0.328784
663,0.328805
664,0.328848
665,0.328933
666,0.328955
668,0.330578
669,0.330642
670,0.330706
671,0.330749
672,0.330898
673,0.330941
674,0.331069
676,0.331304
678,0.331432
679,0.331561
680,0.331582
681,0.331667
682,0.331774
683,0.331795
684,0.331902
685,0.331988
686,0.332052
687,0.332116
689,0.332137
690,0.332159
691,0.332201
692,0.332244
693,0.332265
694,0.332329
695,0.332479
696,0.332586
697,0.33265
699,0.332671
700,0.332714
701,0.332799
702,0.332928
703,0.333034
704,0.333141
705,0.333312
706,0.333547
707,0.333889
708,0.333953
709,0.333995
710,0.334145
711,0.334337
713,0.334444
714,0.334508
715,0.334636
716,0.334807
717,0.334935
718,0.335042
719,0.335106
720,0.335384
721,0.335619
722,0.335768
723,0.335896
724,0.335939
725,0.335982
726,0.336025
727,0.336153
728,0.336217
729,0.336238
730,0.336302
731,0.336345
732,0.336366
733,0.336473
734,0.336559
735,0.336644
736,0.336687
737,0.336708
738,0.336772
739,0.336922
740,0.337135
741,0.337157
742,0.337263
743,0.337349
744,0.337392
745,0.337498
746,0.337584
747,0.337733
748,0.337797
749,0.337862
750,0.337947
751,0.338011
752,0.338182
753,0.338203
754,0.338246
755,0.338331
756,0.338395
757,0.338438
758,0.338566
759,0.338652
760,0.338716
763,0.33878
764,0.338929
765,0.338951
766,0.339271
767,0.339314
768,0.339357
769,0.339399
770,0.339528
771,0.339634
772,0.339741
774,0.339848
775,0.339976
776,0.339997
777,0.340062
778,0.34019
779,0.340318
780,0.340467
781,0.340617
782,0.34066
783,0.340788
784,0.340959
785,0.341044
786,0.341151
787,0.341322
788,0.341407
789,0.341429
790,0.341493
791,0.341557
792,0.341599
794,0.341642
796,0.341706
797,0.341749
798,0.341792
800,0.341877
801,0.341962
802,0.342603
803,0.342646
804,0.343116
805,0.343137
806,0.34318
807,0.343308
808,0.343372
809,0.343394
810,0.343479
811,0.343607
812,0.343714
813,0.343821
814,0.343928
815,0.344013
816,0.344056
817,0.344098
818,0.344184
819,0.344269
820,0.344312
821,0.344355
822,0.344419
823,0.344611
824,0.344739
825,0.344889
826,0.345145
827,0.345166
828,0.345209
829,0.345295
830,0.345658
831,0.345786
832,0.34585
833,0.345893
834,0.34617
835,0.346298
836,0.346405
837,0.346448
838,0.346512
839,0.346533
841,0.346597
842,0.346619
843,0.34664
844,0.346726
845,0.346768
846,0.346896
847,0.346961
848,0.346982
849,0.347003
850,0.347089
851,0.347174
853,0.347217
854,0.347238
855,0.34726
856,0.347302
857,0.347345
858,0.34743
859,0.347559
860,0.3479
862,0.347943
863,0.348007
864,0.34805
865,0.348071
866,0.348157
867,0.348178
868,0.348221
870,0.348263
871,0.348477
872,0.348498
873,0.348648
874,0.348733
875,0.348755
876,0.348862
877,0.349075
878,0.349139
879,0.349161
880,0.349203
881,0.349225
882,0.34931
883,0.349331
884,0.34946
885,0.349524
887,0.349566
888,0.349695
889,0.349737
890,0.349908
891,0.349951
892,0.350015
893,0.350079
895,0.350143
896,0.350293
897,0.350335
898,0.350421
899,0.350442
901,0.350528
902,0.350592
903,0.350741
904,0.350848
905,0.350891
906,0.351168
907,0.351232
908,0.351382
909,0.351403
911,0.351446
912,0.351553
913,0.351638
914,0.351745
915,0.351809
917,0.35183
918,0.351852
919,0.351959
920,0.352001
921,0.352172
922,0.352236
923,0.352386
924,0.352514
925,0.352599
926,0.352685
927,0.352706
928,0.352728
931,0.352898
932,0.352941
933,0.353005
934,0.353027
936,0.353048
937,0.353262
938,0.353283
939,0.353326
940,0.353347
941,0.353432
943,0.353475
944,0.353561
945,0.353603
946,0.353753
947,0.353774
948,0.353838
949,0.353966
950,0.354095
952,0.354137
953,0.354223
954,0.354351
955,0.354394
956,0.354522
958,0.354564
959,0.354629
960,0.354757
961,0.354842
962,0.355013
963,0.355098
964,0.355632
965,0.355718
966,0.355825
967,0.355974
968,0.356145
969,0.356295
970,0.356401
971,0.356465
972,0.356594
973,0.356722
974,0.356871
975,0.356957
976,0.357192
977,0.357213
978,0.357405
979,0.357598
980,0.357747
981,0.357832
982,0.357875
983,0.357982
984,0.358067
985,0.358196
986,0.358388
987,0.358495
988,0.35858
989,0.358687
990,0.35873
991,0.358794
992,0.358858
993,0.3589
994,0.359093
995,0.359306
996,0.359584
997,0.35984
998,0.35999
999,0.360161
1000,0.36031
1001,0.360631
1002,0.36093
1003,0.361079
1004,0.36125
1005,0.361528
1006,0.361784
1007,0.361998
1008,0.362168
1009,0.362275
1010,0.362596
1011,0.362766
1012,0.362937
1013,0.363151
1014,0.363471
1015,0.363578
1016,0.363792
1017,0.36392
1018,0.364091
1019,0.364347
1020,0.364475
1021,0.36471
1022,0.364988
1023,0.365223
1024,0.365458
1025,0.365778
1026,0.366163
1027,0.366419
1028,0.366611
1029,0.366761
1030,0.367081
1031,0.367273
1032,0.367551
1033,0.367786
1034,0.367999
1035,0.368213
1036,0.368341
1037,0.368555
1038,0.368683
1039,0.368811
1040,0.369046
1041,0.369174
1042,0.369345
1043,0.369473
1044,0.369794
1045,0.369858
1046,0.369922
1047,0.370093
1048,0.370285
1049,0.370392
1050,0.370434
1051,0.370627
1052,0.370755
1053,0.370968
1054,0.371139
1055,0.371267
1056,0.371332
1057,0.371524
1058,0.373745
1059,0.373937
1060,0.374066
1061,0.374194
1062,0.374365
1063,0.374471
1064,0.3746
1065,0.374621
1066,0.374792
1067,0.374941
1068,0.375027
1069,0.37524
1070,0.376949
1071,0.377056
1072,0.377227
1073,0.377355
1074,0.377504
1075,0.377697
1076,0.377867
1077,0.378017
1078,0.378124
1079,0.37838
1080,0.378551
1081,0.378658
1082,0.378807
1083,0.378935
1084,0.379085
1086,0.379149
1088,0.379683
1089,0.37979
1090,0.379982
1091,0.380046
1092,0.380174
1093,0.380217
1094,0.380367
1095,0.380601
1096,0.380644
1097,0.38073
1098,0.380772
1099,0.380879
1100,0.380965
1101,0.381093
1102,0.381114
1104,0.3812
1105,0.381264
1106,0.381477
1107,0.381605
1108,0.381691
1109,0.381776
1110,0.38184
1111,0.381883
1112,0.381904
1113,0.381947
1114,0.382097
1115,0.382161
1116,0.382182
1117,0.382268
1118,0.382332
1119,0.382417
1121,0.382438
1122,0.382502
1123,0.382609
1124,0.382631
1125,0.382695
1126,0.382737
1127,0.382759
1128,0.382801
1129,0.382823
1130,0.382866
1132,0.382887
1133,0.382951
1134,0.383036
1136,0.383186
1138,0.383229
1139,0.383271
1140,0.383335
1141,0.3834
1142,0.383421
1143,0.383485
1144,0.383506
1145,0.383549
1146,0.383592
1147,0.383613
1148,0.383656
1149,0.383677
1150,0.383891
1151,0.383912
1152,0.383976
1153,0.383998
1154,0.384126
1156,0.384339
1157,0.384403
1158,0.384425
1159,0.384553
1160,0.384638
1161,0.38466
1162,0.384702
1163,0.384767
1164,0.384895
1165,0.38498
1166,0.385087
1167,0.38513
1168,0.385535
1170,0.3856
1171,0.385621
1172,0.385664
1173,0.385813
1174,0.38639
1175,0.386625
1176,0.386668
1178,0.386774
1179,0.386902
1180,0.386967
1181,0.387009
1182,0.387992
1184,0.388056
1185,0.38812
1186,0.388205
1187,0.388227
1188,0.388376
1189,0.388398
1190,0.388504
1191,0.388526
1192,0.38859
1193,0.388633
1194,0.388782
1198,0.388868
1199,0.388889
1200,0.38891
1202,0.389102
1203,0.389124
1204,0.389167
1205,0.389209
1206,0.389359
1207,0.389423
1208,0.389508
1209,0.389551
1210,0.389615
1211,0.389658
1212,0.389679
1213,0.389743
1214,0.389807
1215,0.389871
1216,0.390042
1217,0.390064
1218,0.390149
1220,0.390662
1221,0.390683
1222,0.390747
1223,0.39079
1224,0.390811
1225,0.390875
1226,0.390918
1227,0.391217
1228,0.391302
1229,0.391345
1230,0.391367
1231,0.391409
1232,0.391516
1233,0.39158
1234,0.39346
1235,0.393524
1236,0.393609
1238,0.393652
1239,0.393673
1240,0.393759
1241,0.39378
1242,0.393844
1243,0.393866
1244,0.394357
1245,0.3944
1246,0.394677
1248,0.39472
1249,0.394763
1250,0.394827
1251,0.394976
1252,0.394998
1253,0.395019
1254,0.395083
1255,0.39519
1258,0.395211
1260,0.395254
1261,0.395297
1262,0.395318
1263,0.395382
1264,0.395468
1265,0.395596
1266,0.39566
1267,0.395724
1269,0.395745
1270,0.395895
1271,0.395959
1273,0.39598
1274,0.396343
1275,0.396407
1276,0.396514
1277,0.396621
1278,0.396642
1279,0.396749
1280,0.396792
1281,0.396813
1282,0.396877
1283,0.396941
1284,0.396963
1285,0.397005
1286,0.397112
1287,0.397198
1288,0.397433
1289,0.397497
1290,0.397539
1291,0.39786
1292,0.398009
1293,0.398031
1294,0.400124
1295,0.400188
1297,0.400209
1298,0.400252
1300,0.400316
1301,0.400444
1302,0.40053
1303,0.400551
1304,0.400615
1305,0.400637
1306,0.400679
1307,0.400743
1308,0.400829
1309,0.400893
1310,0.400936
1311,0.400957
1312,0.401
1313,0.401064
1315,0.401085
1316,0.401149
1317,0.401213
1318,0.401235
1319,0.401299
1320,0.40132
1322,0.401405
1323,0.401427
1324,0.40147
1325,0.401555
1327,0.401576
1328,0.40179
1329,0.401854
1330,0.401875
1331,0.401897
1332,0.401939
1334,0.404631
1335,0.404652
1336,0.404673
1337,0.404716
1339,0.404759
1340,0.404823
1341,0.404908
1342,0.40493
1343,0.404972
1344,0.405229
1345,0.40525
1346,0.405314
1347,0.405378
1348,0.405442
1349,0.405528
1350,0.405592
1351,0.405656
1352,0.405699
1354,0.405848
1355,0.405934
1356,0.40604
1357,0.406062
1358,0.406233
1359,0.406318
1360,0.406339
1361,0.406361
1362,0.406574
1363,0.406596
1364,0.40666
1365,0.406745
1366,0.406873
1367,0.407066
1368,0.407792
1369,0.407877
1370,0.408027
1371,0.408283
1372,0.408497
1373,0.408668
1374,0.408796
1375,0.408945
1376,0.409095
1377,0.409202
1378,0.409223
1379,0.409266
1380,0.409308
1381,0.409351
1382,0.409372
1383,0.409415
1384,0.409437
1387,0.409479
1388,0.409522
1389,0.409543
1390,0.409586
1391,0.409671
1392,0.409821
1393,0.409842
1394,0.412854
1395,0.412897
1396,0.413473
1397,0.413495
1398,0.413559
1399,0.41358
1400,0.413602
1402,0.413623
1404,0.413687
1405,0.41373
1406,0.414114
1407,0.414157
1408,0.414285
1409,0.414328
1410,0.414349
1411,0.414413
1412,0.414435
1413,0.414477
1414,0.423277
1416,0.423384
1417,0.423427
1418,0.423512
1419,0.423534
1420,0.423555
1422,0.423683
1423,0.423705
1424,0.423769
1425,0.423811
1426,0.424132
1427,0.424196
1428,0.42426
1429,0.424303
1430,0.424388
1431,0.424431
1432,0.425093
1434,0.427699
1436,0.427806
1437,0.428019
1438,0.428105
1440,0.428404
1441,0.42851
1442,0.42866
1443,0.428724
1444,0.428767
1445,0.428788
1446,0.430454
1447,0.43054
1448,0.447905
1450,0.448246
1451,0.448289
1452,0.448545
1453,0.448567
1454,0.449443
1455,0.449485
1456,0.449613
1457,0.449635
1458,0.449848
1459,0.44987
1460,0.449977
1461,0.450019
1463,0.450041
1464,0.450532
1465,0.450575
1466,0.450959
1467,0.45098
1468,0.45113
1469,0.451151
1470,0.451643
1471,0.451685
1472,0.452241
1474,0.455936
1475,0.455957
1476,0.457111
1477,0.457153
1478,0.457175
1480,0.45726
1481,0.457303
1482,0.458947
1483,0.459033
1484,0.459439
1485,0.459503
1486,0.464971
1487,0.464992
1488,0.468175
1489,0.468239
1490,0.468516
1491,0.468538
1492,0.468559
1493,0.468602
1494,0.532808
1495,0.532872
1496,0.532915
1497,0.532936
1498,0.532979
1499,0.533021
1500,1
Done 
Total execution time = 111157298 microsecond
