[  0%] Building CXX object scratch/ECNMC/CMakeFiles/traffic_generator_module.dir/traffic_generator_module/DC_traffic_generator/NodeAppsHandler.cc.o
[  1%] Linking CXX static library ../../lib/libtraffic_generator_module.a
[  1%] Linking CXX executable ns3.41-DatacenterSimulation-debug

Start Single Queue Simulation
Sender Tx Queue Size: 1
Switch Tx Queue Size: 1
Hosts and Switches IP addresses
Src: 0 Id:0 IP: 10.1.1.1
Src CT: 1 Id:1 IP: 10.2.1.1
Dst: 0 Id:2 IP: 10.3.1.1
Total preparing time = 48526 microsecond
Config Parameters
srcHostToSwitchLinkRate: 300Mbps
ctHostToSwitchLinkRate: 300Mbps
hostToSwitchLinkDelay: 50us
bottleneckLinkRate: 60.0Mbps
pctPacedBack: 0
enableSwitchECN: 1
enableECMP: 1
sampleRate: 12000
errorRate: 0
dirName: forward
experiment: 1
trafficStartTime: 0.0
trafficStopTime: 0.9
steadyStartTime: 0.3
steadyEndTime: 0.8
duration: 0.9
swtichDstREDQueueDiscMaxSize: 18KB
switchSrcREDQueueDiscMaxSize: 18KB
minTh: 0.15
maxTh: 0.15
traffic: chicago_2010_traffic_10min_2paths/path
isDifferentating: 0
differentiationDelay: 0
silentPacketDrop: 0
load: 0.9
23364,331
523179,597
1315082,402
1459704,268
1632885,1024
1735455,531
2070829,512
2180785,9596
2202553,3
2332991,896
2464067,282
2485959,717
2682672,146
2750035,652
3303206,268
3363448,296
3522371,469
3888962,268
4013347,46
4021013,70
4192962,96
4369578,4979
4421001,3072
4803874,40
4804392,205
5268621,96
5288988,717
5398961,3
5441095,296
6582459,375
6755150,77
6887773,573
6897371,282
7023361,531
7803962,12214
8087768,3
8160170,53
8280325,70
8449566,32
8489224,70
8646302,64
8820708,282
9279660,186
9593693,313
9790604,137
9851092,313
9870982,77
9915188,158
9974248,313
9978334,512
10357815,256
10386595,36
10402874,70
10703513,796
10901835,158
11432711,6194
12087906,137
12868090,70
12940789,282
13004691,70
13365298,32
14288367,3
14389545,652
14750340,402
14974494,469
15031851,551
15285164,531
16287611,40
16928875,46
16976781,512
17336035,313
17427754,36
17554028,1755
17597859,313
17719421,375
17863344,683
17951354,331
18041469,2341
18137494,3
18489513,85
18520028,512
18796528,402
18824687,3
18836664,4233
18841893,282
19205919,433
19261509,32
19321397,40
19440081,40
19468785,1843
19546772,1053
19682437,6683
19807137,433
20716063,128
20717761,1271
21124395,282
21233839,1843
21423126,32
21542657,110
21889379,186
22200217,3
22281477,171
22345519,331
22618916,2809
22647912,402
22981869,469
23060624,96
23548576,110
23550817,55827
23629187,128
23732260,77
23793232,268
23836617,3
23851243,85
24176818,146
24214758,85
24576749,331
24611647,21441
24760366,158
25173278,4304
25562957,433
25711675,186
26207021,96
26436167,32
26598815,956
26655165,70
26840446,96
26983167,402
27515258,469
27809273,296
28481617,313
28569323,96
28993223,3277
29057300,128
29378419,110
29385521,128
29753533,433
29875372,85
29990351,469
30202208,313
30294454,4979
30446547,96
31138045,512
31401025,433
31588266,36
31683172,36
31725999,205
31825833,843
31828459,186
32083592,46
32130343,331
32209060,313
32370671,375
32623985,256
32702312,158
32724511,96
32846438,110
32916804,85
33099464,296
33162684,110
33392919,8503
33456852,469
33834644,5772
33852770,2521
34328313,21709
34338505,205
34544841,205
34781669,331
34820744,3390
35052224,2048
35191360,61945
35533359,52581
35537694,3171
35728472,1365
36029755,96
36042034,352
36144818,402
36231850,110
36430272,137
36579619,77
36695207,256
36757626,717
37496614,402
37578651,146
37646568,755
37706519,70
38052188,3
38352922,331
39178065,375
39202053,313
39203759,1843
39867157,3
39891486,96
40057542,128
40252069,46
40552902,1475
40691017,8397
40847823,32
41174435,32
41668653,85
41957475,96
41987728,158
42039326,282
42132369,433
42142816,256
42340298,40
42456670,623
42587966,137
42863000,268
43016739,328754
43333503,531
43345534,3
43406260,433
43592222,228
43617218,186
43657690,331
43900755,70
44030448,313
44284125,331
44300320,146
44439833,683
44737856,433
44785167,205
44797774,551
44882358,1152
44952978,282
45032927,313
45078742,512
45246178,375
45713529,3
45859222,331
45941460,70
46527732,6683
46661216,70
47252014,85
47315662,512
47696228,228
47739315,77
47766378,313
47808418,128
48042293,2048
48144177,70
48155059,228
48312898,1755
48484127,331
48687048,402
48867912,3
48917943,755
49094041,36
49372021,46
49556650,469
49763405,3
49967987,158
50117865,4163
50200452,433
50541872,469
51524626,70
51538447,352
51830342,40
51870365,32
51889522,512
52092438,1365
52099975,296
52143760,331
53265192,110
53421109,597
53490742,77
53943473,228
54017441,171
54380831,228
54583373,186
55049304,3
55453740,331
55804679,402
56288517,32
56479353,64
56521522,53
56608400,96
56930215,755
57057686,551
57158098,128
57396721,32
57561953,128
57572239,40
57617072,512
57903422,40
58116634,32
58142359,512
58172105,469
58329363,296
58634430,146
58780405,186
58868109,228
59922745,158
59969319,3
60371141,186
60381458,469
60459633,551
61005229,46
61008060,3
61040898,551
61080698,313
61104435,110
61228872,53
61301388,85
61353736,128
61734100,110
62164042,843
62616921,186
62707854,205
62729254,313
62755027,3
62943948,70
62948041,3
63563009,32
63625562,1317
63753779,228
63904328,96
64264954,64
64311699,352
64420674,70
64438587,128
64505802,1475
64747104,64
64779579,256
65441115,469
66241652,205
66376178,85
66547787,17195
66624230,1365
66820831,128
67110915,331
67257930,96
67288044,332847
67371112,3
67445233,137
67651356,70
67931525,6864
68157922,375
68196417,512
68752025,146
68753534,3
69223781,32
69392680,137
69494525,2587
69511973,2891
69574052,137
69690375,512
69940448,85
69995004,40018
70168001,32
70241183,110
70615198,402
70839502,282
71148938,3171
71244155,268
71271451,53
71482140,32
71628809,96
71637484,375
71778152,375
71997142,3
72175720,433
72247107,433
72268552,96
72876228,256
73043912,205
73063168,2048
73252288,512
73655062,352
73883276,96
73980851,205
74318658,137
74339036,517523
74469813,282
74547497,469
74654214,205
74957389,96
75034001,375
75641921,128
75664684,77
75906641,296
76175191,40
76567941,3072
76621716,110
76679349,70
76898271,3
76912957,256
77004639,96
77005009,512
77136372,512
77176105,402
77298729,331
77753700,282
77935379,331
77988802,1271
78584255,228
78665884,352
78932573,40
78938492,110
78962902,469
79190807,8503
79255446,3
79283893,46
79438836,375
79666284,352
79732700,352
79752307,3511
80011813,256
80084748,137
80159031,531
80369484,64
80561648,85
80784027,5772
80798177,1317
80861235,178803
80963865,282
80998660,32
81002958,469
81032884,256
81142011,843
81180330,171
81893494,1189
82357879,6349
82525376,38322
82673957,551
82675772,1117
82731465,158
82894331,313
83115735,64
83251149,110
83438639,3
83700223,110
83993070,433
84075000,1053
84349957,796
84705885,3
84767037,296
85049506,256
85176430,313
85531965,77
85593514,469
85622178,128
85846134,313
86208008,110
86305264,313
86428465,77
86611833,46
86623895,72818
86725303,512
86788212,110
86834420,755
87157409,96
87703314,282
87757634,3
87958255,158
88152194,512
88997099,110
89261738,282
89817621,40
90147230,3
90340689,228
90506941,171
90948845,268
91302265,137
91331691,268
91362226,3
91909040,313
92088832,5403
92420319,331
92651910,296
92837157,38000
93055991,70
93206912,32
93434937,96
93626717,158
93915582,70
93947728,375
93953020,1365
94085691,110
94166305,296
94221662,331
94353023,433
94388504,1024
94608668,85
94683122,433
94736116,268
94808569,3
94837735,3
94845294,1365
94899527,313
94915327,77
95100375,352
95224553,755
95225377,53
95364488,128
95386278,110
95542349,512
95825350,352
95842887,331
95848225,53
96131702,433
96368133,146
96717382,896
96915449,11785
97387268,28011
97450598,85
97518347,205
97528271,313
97945431,1117
98188820,189773
98416014,3
98448227,77
98595108,146
99028628,85
99128138,53
99143366,128
99295903,683
99411169,313
99482981,717
99540652,11012
100139729,268
100225337,171
100230696,96
100491988,1189
100813487,85
101123902,84261
101374439,85
101896395,512
102539480,228
102696234,296
102714212,469
103025076,146
103180166,85
103498578,64
103596183,331
103635824,77
103978902,531
104088922,32
104345779,186
104383129,3932
104921164,32
104933340,313
104987028,228
105031633,268
105492372,128
105580345,10335
105619867,85
105944765,3
105990225,64
106497295,3390
106660835,40
106803616,683
106861896,512
107053552,3
107125501,46
107201205,158
107258385,205
107472756,96
107859522,313
107977401,3
108073231,331
108171211,2657
108301022,70
108554429,228
108598206,282
108879119,171
108906656,128
109215845,469
109278392,85
110296771,3
110504345,186
110544197,296
110561556,32
110616589,1189
110616615,352
110634893,13709
110897792,128
111206593,313
111325991,256
111490095,96
112004260,512
112294411,85
112346384,32
112574965,36
112818576,205
112849873,40
112898163,469
113052764,282
113630559,171
114412141,352
114812393,110
115137286,1536
115428283,96
115884075,3
116081030,796
116160001,70
116413391,1317
116532148,551
116576471,128
116708428,77
116735398,158
116886805,13171
116900197,313
117012349,3
117227714,313
117710921,375
117754821,3
117874755,573
118381372,433
119003338,469
119395565,96
120362600,4163
120741615,137
121093281,282
121153542,3
121396714,3
121630191,96
121816461,331
121967177,85
121984772,228
122018709,171
122294963,171
122776986,110
123032064,402
123283862,36
123397673,1024
123598524,158
123600543,331
124090057,402
124477330,796
124648363,70
124659779,64
124714536,32
125019968,402
125351902,282
125375080,469
125528780,313
125578828,352
125898716,256
125942414,433
126029479,77
126121744,296
126212562,1117
126402823,331
126434216,282
126528460,2398
126565398,3277
126609491,32
126639920,512
126740154,146
126932772,158
126954513,146
127726202,110
127766195,268
127893554,469
128019288,146
128457523,3
128932677,375
129112411,573
129244303,7936
129469728,1229
129564095,256
129990842,46
130137257,32
130151792,313
130242281,796
130285160,11582
130379990,282
130382232,128
130435345,520884
130904527,110
130916516,282
130951714,126844
131121343,402
131131032,352
131368858,32
131537868,85
131571462,2185
131617119,375
131717487,433
131819994,573
131922217,433
131923156,64
132339133,352
132665035,313
132675879,3
132738009,186
132968486,128
133028983,282
133077335,3
133289229,146
133317595,158
133547557,96
133726959,433
133833966,77
133910196,11196
134007913,531
134111714,53
134887602,296
134933590,46
135068603,433
135184050,3
135216264,1024
135628274,313
135871569,70
135982017,70
136012207,205
136271418,256
136430100,110
136624681,1053
136884431,186
137129998,282
137536001,623
137696626,85
138010227,3
138030248,1365
138121286,352
138499663,77
139076102,146
139202916,2048
139228567,469
139386799,296
139611488,110
140943449,2458
141767743,512
141828157,313
142127818,96
142584664,375
142659269,137
142771963,53
143088606,171
143176863,32
143189742,137
144266420,32
144519504,85
144622750,9078
144979217,77
145125418,70
145143438,77
145414555,1418
145529563,70
145571797,40
145990482,146
146361332,128
146695548,32161
146820347,296
147054481,128
147449529,256
147788883,313
147926459,375
148114790,313
148227668,70
148405585,3
148750598,433
148801001,96
149058466,296
149124024,171
149360392,296
149605817,313
150091268,228
150141054,85
150206626,375
150356081,331
150437419,256
150579214,32
151587294,85
151841186,2185
151950779,32
151972305,32
152322829,796
152332077,652
152712279,469
152938131,110
153359896,77
153654151,70
153683135,282
153850473,110
154073219,64
154181301,32
154344038,205
154630576,3
154796632,90049
155206849,402
155433545,12214
155782495,296
155833434,433
156021238,112347
156524263,85
156876751,282
156942790,36
157147856,313
157529721,32
157875569,433
158223638,96
158525659,313
158544483,3
158754073,331
158850823,402
158979500,1084
159087609,551
159217822,896
159593697,96
159949775,313
160029762,352
160141829,268
160658271,70
160791813,228
160837405,402
160850272,5403
160989135,36
161382793,36
161405521,171
161702940,313
161724428,1317
161900580,296
162078220,205
162345199,3
162716042,268
162842925,1317
162961391,331
163211785,96
163301087,32
163443113,96
163483891,228
163512311,375
163551169,3
163675099,40
164149854,375
164307305,64
164356396,331
164389012,256
164401502,512
164406579,128
164826806,375
164889534,146
165413801,331
165475353,896
165614340,110
165615321,169033
165795602,32
166100590,717
166788919,3277
167338724,96
167396174,433
167558194,282
167660503,96
167788856,1475
168327735,296
168383721,2979
168464110,146
168827877,796
168903551,282
169162265,205
169182387,9330
169190982,1418
169663608,433
169746496,35054
170490600,128
170651526,5643
171546679,186
171722434,2657
171748144,1603
171953823,64
172170221,3
172825823,85
172899853,146
173153272,1603
173287858,256
173304470,96
173534132,96
173585247,268
173777843,32
173916500,469
174077666,1418
174103012,512
174183858,146
174953671,1229
175023120,5403
175270549,186
175677362,32
175851615,3
176035514,110
176284070,296
176776021,77
177102160,469
177227636,77
177525065,3
177905936,171
177919897,186
177932446,755
178342992,171
178549777,110
178884472,402
178884658,85
178965874,331
179587486,623
179614011,256
179712328,843
179961775,13435
180522291,158
180678761,186
180942042,433
180955486,3
181043031,1024
181935886,402
182049423,1117
182308943,36
182431153,573
182433482,256
182498254,36
182763690,110
183096205,3
183637251,32
184047307,77
184112796,313
184391356,313
184445630,331
184455859,796
184906487,433
184907640,36
185264209,128
185872382,268
186024206,171
186255996,158
186335783,77
186516563,128
186518558,469
186717702,32
186784616,40
186792758,4979
186799739,375
186906167,128
187218097,1084
187246352,77
187275401,597
187354601,70
187534545,77
187629879,158
187691588,36
188125223,469
188130091,623
188434273,158
188580655,3
188850026,328754
188999246,110
189107756,228
189146771,228
189252534,956
189342328,36
189461321,402
189746128,40
189861532,110
190007914,469
190029754,843
190146700,352
190228397,375
190645255,375
190817035,228
190837865,352
191231628,128
191403358,282
191477114,70
191577297,375
191708139,683
191732012,402
191937365,3
191967059,32
191989409,512
192033567,313
192272449,268
192335120,402
192501138,1418
192656720,296
192730652,228
192768116,313
192956179,3
193246055,296
193299672,433
193330524,469
193474982,6683
193637815,3
193751136,96
194038302,3
194137291,9461
194222102,228
194271618,3072
194758830,551
194851173,796
195064741,352
195229143,512
195764503,402
196026074,205
196268421,3511
196330941,128
196357174,32
196364186,32
196420721,205
196437098,228
196508405,64
197062645,1843
197354468,3
197570785,77
197656542,256
197935243,597
198105295,796
198311096,375
198680378,296
198790286,96
198931153,3
198946922,956
199066493,352
199284583,256
199285235,296
199316885,96
199559784,652
199599416,1843
199842692,1940
199957184,313
Command 'build/scratch/ECNMC/ns3.41-DatacenterSimulation-debug True --srcHostToSwitchLinkRate=300Mbps --ctHostToSwitchLinkRate=300Mbps --hostToSwitchLinkDelay=50us --bottleneckLinkRate=60.0Mbps --load=0.9 --pctPacedBack=0.0 --duration=0.9 --sampleRate=12000.0 --experiment=1 --errorRate=0.0 --trafficStartTime=0.0 --trafficStopTime=0.9 --steadyStartTime=0.3 --steadyStopTime=0.8 --swtichDstREDQueueDiscMaxSize=18KB --switchSrcREDQueueDiscMaxSize=18KB --switchTXMaxSize=1p --minTh=0.15 --maxTh=0.15 --dirName=forward --traffic=chicago_2010_traffic_10min_2paths/path --differentiationDelay=0.0 --isDifferentating=False --silentPacketDrop=False' died with <Signals.SIGFPE: 8>.
